
p=0 [8-20) 0.2503897571908317 2.5791416304381206e-07

p=1 [12,19) 0.3181470813095286, 2.9280319826771623e-07

p=2 [7-11) 0.4716630630205054 7.292771305204009e-07

p=3 [6,11) 0.6460357741667688 2.0261978325259557e-06

p=4 [6,9) 0.8289985937907043 2.8623048888467666e-06

p=5 [7,10) 1.0049597060969488 4.489588623156994e-06


[-2.04544175e-03 -1.10669000e-03 -7.05267475e-04 -4.69535875e-04
 -3.78310025e-04 -2.68326375e-04 -1.80910100e-04 -1.42400325e-04
 -1.16028975e-04 -8.51097875e-05 -6.06039550e-05 -3.77450050e-05
 -2.25156050e-05 -1.72499475e-05 -1.35904175e-05 -9.00582450e-06
 -6.48023300e-06 -4.41345625e-06 -3.58879600e-06 -2.19613750e-06
 -1.69513125e-06 -1.50089205e-06 -1.19206583e-06 -6.58162800e-07
 -5.86043550e-07 -3.63597650e-07 -2.40020283e-07 -2.06717845e-07
 -1.74294900e-07 -1.25216200e-07 -1.07918425e-07 -7.83792500e-08
 -5.87909325e-08 -7.85863825e-08 -8.90838000e-08 -1.14833370e-07
 -1.54462923e-07 -1.64084425e-07 -2.21543155e-07 -2.45239710e-07
 -5.72328725e-07 -9.20464875e-07 -1.27460275e-06 -1.86584425e-06
 -3.19636375e-06 -3.48758500e-06 -4.57745575e-06 -6.46073600e-06
 -9.67675600e-06 -1.31429425e-05 -1.59792700e-05 -2.16728500e-05
 -3.14979000e-05 -3.95254800e-05 -5.09145025e-05 -6.56565050e-05
 -8.52777525e-05 -1.17012800e-04 -1.63748375e-04 -2.40723800e-04
 -3.45952550e-04 -4.96818950e-04 -7.51523375e-04 -1.28963000e-03]

 65 -2.017550e-03   -1 0
129 -2.047199e-03   +1 0
193 -2.073963e-03   0 -1
257 -2.043055e-03   0 +1

